args: fromList [("c","10000"),("file","../eil51.json"),("fin_t","1.2"),("format","json"),("ini_t","5"),("n","10")]
seed: 1817894680 1
n: 10
c: 10000
ini_t: 5.0
fin_t: 1.2
rate: 0.9998573
iterations: 100000
429.4841
429.4841
1817894680 1
[[62.0,42.0],[58.0,48.0],[57.0,58.0],[62.0,63.0],[63.0,69.0],[52.0,64.0],[43.0,67.0],[37.0,69.0],[27.0,68.0],[31.0,62.0],[25.0,55.0],[16.0,57.0],[17.0,63.0],[5.0,64.0],[8.0,52.0],[21.0,47.0],[30.0,48.0],[30.0,40.0],[32.0,39.0],[31.0,32.0],[25.0,32.0],[20.0,26.0],[17.0,33.0],[12.0,42.0],[7.0,38.0],[5.0,25.0],[10.0,17.0],[5.0,6.0],[13.0,13.0],[21.0,10.0],[30.0,15.0],[27.0,23.0],[32.0,22.0],[36.0,16.0],[39.0,10.0],[46.0,10.0],[59.0,15.0],[51.0,21.0],[48.0,28.0],[40.0,30.0],[45.0,35.0],[42.0,41.0],[38.0,46.0],[37.0,52.0],[42.0,57.0],[49.0,49.0],[52.0,41.0],[56.0,37.0],[52.0,33.0],[58.0,27.0],[61.0,33.0]]


args: fromList [("c","10000"),("file","../eil51.json"),("fin_t","1.2"),("format","json"),("ini_t","5"),("n","10")]
seed: 1883209775 1
n: 10
c: 10000
ini_t: 5.0
fin_t: 1.2
rate: 0.9998573
iterations: 100000
432.04147
428.98166
1883209775 1
[[8.0,52.0],[16.0,57.0],[25.0,55.0],[21.0,47.0],[30.0,48.0],[30.0,40.0],[32.0,39.0],[31.0,32.0],[25.0,32.0],[20.0,26.0],[17.0,33.0],[12.0,42.0],[7.0,38.0],[5.0,25.0],[10.0,17.0],[5.0,6.0],[13.0,13.0],[21.0,10.0],[30.0,15.0],[27.0,23.0],[32.0,22.0],[36.0,16.0],[39.0,10.0],[46.0,10.0],[59.0,15.0],[51.0,21.0],[48.0,28.0],[40.0,30.0],[45.0,35.0],[42.0,41.0],[38.0,46.0],[37.0,52.0],[42.0,57.0],[49.0,49.0],[52.0,41.0],[56.0,37.0],[52.0,33.0],[58.0,27.0],[61.0,33.0],[62.0,42.0],[58.0,48.0],[57.0,58.0],[62.0,63.0],[63.0,69.0],[52.0,64.0],[43.0,67.0],[37.0,69.0],[31.0,62.0],[27.0,68.0],[17.0,63.0],[5.0,64.0]]


args: fromList [("c","10000"),("file","../eil51.json"),("fin_t","1.2"),("format","json"),("ini_t","5"),("n","10")]
seed: 2113918266 1
n: 10
c: 10000
ini_t: 5.0
fin_t: 1.2
rate: 0.9998573
iterations: 100000
431.03802
429.53027
2113918266 1
[[45.0,35.0],[40.0,30.0],[32.0,22.0],[27.0,23.0],[20.0,26.0],[17.0,33.0],[25.0,32.0],[31.0,32.0],[32.0,39.0],[30.0,40.0],[30.0,48.0],[21.0,47.0],[25.0,55.0],[16.0,57.0],[17.0,63.0],[5.0,64.0],[8.0,52.0],[12.0,42.0],[7.0,38.0],[5.0,25.0],[10.0,17.0],[5.0,6.0],[13.0,13.0],[21.0,10.0],[30.0,15.0],[36.0,16.0],[39.0,10.0],[46.0,10.0],[59.0,15.0],[51.0,21.0],[58.0,27.0],[61.0,33.0],[62.0,42.0],[58.0,48.0],[57.0,58.0],[62.0,63.0],[63.0,69.0],[52.0,64.0],[43.0,67.0],[37.0,69.0],[27.0,68.0],[31.0,62.0],[42.0,57.0],[37.0,52.0],[38.0,46.0],[42.0,41.0],[49.0,49.0],[52.0,41.0],[56.0,37.0],[52.0,33.0],[48.0,28.0]]

args: fromList [("c","3000"),("file","../eil51.json"),("fin_t","1.2"),("format","json"),("ini_t","3"),("n","10"),("seed","394222498 1")]
seed: 394222498 1
n: 10
c: 3000
ini_t: 3.0
fin_t: 1.2
rate: 0.99969465
iterations: 30000
432.16217
432.16217
394222498 1
[[58.0,27.0],[61.0,33.0],[56.0,37.0],[52.0,41.0],[62.0,42.0],[58.0,48.0],[49.0,49.0],[57.0,58.0],[62.0,63.0],[63.0,69.0],[52.0,64.0],[43.0,67.0],[37.0,69.0],[42.0,57.0],[37.0,52.0],[38.0,46.0],[42.0,41.0],[45.0,35.0],[40.0,30.0],[32.0,22.0],[27.0,23.0],[20.0,26.0],[17.0,33.0],[25.0,32.0],[31.0,32.0],[32.0,39.0],[30.0,40.0],[30.0,48.0],[21.0,47.0],[25.0,55.0],[31.0,62.0],[27.0,68.0],[17.0,63.0],[16.0,57.0],[5.0,64.0],[8.0,52.0],[12.0,42.0],[7.0,38.0],[5.0,25.0],[10.0,17.0],[5.0,6.0],[13.0,13.0],[21.0,10.0],[30.0,15.0],[36.0,16.0],[39.0,10.0],[46.0,10.0],[59.0,15.0],[51.0,21.0],[48.0,28.0],[52.0,33.0]]
